21
21
21
22
22
23
23
23
23
23
20
22
22
22
21
21
22
23
22
22
21
22
22
22
23
23
22
22
24
24
20
21
21
22
22
24
23
23
22
22
22
21
22
22
22
20
22
23
23
23
22
23
22
21
22
23
23
22
24
25
22
22
21
23
21
22
23
23
22
22
21
24
23
26
21
21
24
24
22
24
23
21
22
23
22
23
21
22
21
20
22
22
22
23
23
23
22
24
22
22
25
24
24
22
21
21
23
23
23
23
21
21
22
23
23
24
21
24
20
23
21
24
24
21
22
22
23
25
22
23
21
23
23
20
23
22
23
22
22
22
22
21
21
22
22
22
22
22
22
24
23
23
22
22
22
22
22
22
24
22
23
23
22
22
22
21
24
21
24
22
22
23
23
24
20
23
21
22
24
25
21
21
23
22
25
24
22
22
23
22
22
22
22
22
21
20
22
23
22
21
25
22
22
22
21
23
25
23
25
25
22
21
21
21
21
24
23
24
24
21
21
23
22
23
24
22
22
22
23
22
21
22
21
22
25
21
24
26
21
22
21
22
22
22
22
21
22
22
23
21
23
22
22
23
21
23
23
24
22
23
22
23
24
22
22
22
24
23
23
24
22
21
24
23
24
22
23
22
23
23
21
23
22
22
22
21
23
26
24
22
23
22
24
21
26
23
21
21
22
23
21
21
23
23
23
22
24
22
23
24
21
24
21
22
23
25
23
24
23
21
23
25
26
23
24
23
25
23
23
24
30
27
24
24
25
24
26
27
30
25
24
24
24
27
25
25
26
24
23
24
25
24
23
24
25
25
24
26
23
27
26
24
25
23
23
22
24
25
24
25
25
25
26
23
24
25
25
24
23
24
23
26
25
25
25
28
24
23
26
26
29
23
25
23
27
24
25
23
27
25
25
24
23
25
26
24
24
25
24
26
23
26
25
25
25
25
26
24
26
25
24
26
22
26
27
23
24
25
24
23
24
23
24
24
25
24
26
24
23
24
26
24
24
25
23
25
25
26
25
24
26
26
24
24
26
24
26
26
24
25
24
25
23
25
25
27
25
23
25
26
24
24
24
24
23
23
24
24
23
25
26
26
27
23
24
24
25
25
25
25
27
24
24
25
25
24
24
26
23
24
